4 | 1 | 3 
5 | 7 | 8 
0 | 6 | 2 
---------
4 | 1 | 3 
0 | 7 | 8 
5 | 6 | 2 
---------
4 | 1 | 3 
7 | 0 | 8 
5 | 6 | 2 
---------
4 | 1 | 3 
7 | 6 | 8 
5 | 0 | 2 
---------
4 | 1 | 3 
7 | 6 | 8 
0 | 5 | 2 
---------
4 | 1 | 3 
0 | 6 | 8 
7 | 5 | 2 
---------
4 | 1 | 3 
6 | 0 | 8 
7 | 5 | 2 
---------
4 | 1 | 3 
6 | 8 | 0 
7 | 5 | 2 
---------
4 | 1 | 3 
6 | 8 | 2 
7 | 5 | 0 
---------
4 | 1 | 3 
6 | 8 | 2 
7 | 0 | 5 
---------
4 | 1 | 3 
6 | 0 | 2 
7 | 8 | 5 
---------
4 | 0 | 3 
6 | 1 | 2 
7 | 8 | 5 
---------
4 | 3 | 0 
6 | 1 | 2 
7 | 8 | 5 
---------
4 | 3 | 2 
6 | 1 | 0 
7 | 8 | 5 
---------
4 | 3 | 2 
6 | 1 | 5 
7 | 8 | 0 
---------
4 | 3 | 2 
6 | 1 | 5 
7 | 0 | 8 
---------
4 | 3 | 2 
6 | 1 | 5 
0 | 7 | 8 
---------
4 | 3 | 2 
0 | 1 | 5 
6 | 7 | 8 
---------
0 | 3 | 2 
4 | 1 | 5 
6 | 7 | 8 
---------
3 | 0 | 2 
4 | 1 | 5 
6 | 7 | 8 
---------
3 | 1 | 2 
4 | 0 | 5 
6 | 7 | 8 
---------
3 | 1 | 2 
0 | 4 | 5 
6 | 7 | 8 
---------
0 | 1 | 2 
3 | 4 | 5 
6 | 7 | 8 
---------
